[print-page-setup]
PPDName=A4
DisplayName=A4
Width=210
Height=297
MarginTop=3.5277777777777777
MarginBottom=3.5277777777777777
MarginLeft=4.2333333333333325
MarginRight=4.2333333333333325
Orientation=portrait
